%YAML:1.0
---
image_width: 1280
image_height: 560
camera_name: /stereo/left
camera_matrix: !!opencv-matrix
   rows: 3
   cols: 3
   dt: d
   data: [ 8.1690378992770002e+02, 5.0510166700000003e-01,
       6.0850726281690004e+02, 0., 8.1156803828490001e+02,
       2.6347599764440002e+02, 0., 0., 1. ]
distortion_model: plumb_bob
distortion_coefficients: !!opencv-matrix
   rows: 1
   cols: 5
   dt: d
   data: [ -5.6143027800000002e-02, 1.3952563200000001e-01,
       -1.2155906999999999e-03, -9.7281389999999998e-04,
       -8.0878168799999997e-02 ]
rectification_matrix: !!opencv-matrix
   rows: 3
   cols: 3
   dt: d
   data: [ 9.9996942080938533e-01, 3.6208456669806118e-04,
       -7.8119357978017733e-03, -3.4412461339106772e-04,
       9.9999729518344416e-01, 2.3002617343453663e-03,
       7.8127475572218850e-03, -2.2975031148170580e-03,
       9.9996684067775188e-01 ]
projection_matrix: !!opencv-matrix
   rows: 3
   cols: 4
   dt: d
   data: [ 7.7537235550066748e+02, 0., 6.1947309112548828e+02, 0., 0.,
       7.7537235550066748e+02, 2.5718049049377441e+02, 0., 0., 0., 1.,
       0. ]
