%YAML:1.0
---
image_width: 1280
image_height: 560
camera_name: /stereo/right
camera_matrix: !!opencv-matrix
   rows: 3
   cols: 3
   dt: d
   data: [ 8.1378205539589999e+02, 3.4880336220000002e-01,
       6.1386419539320002e+02, 0., 8.0852165574269998e+02,
       2.4941049348650000e+02, 0., 0., 1. ]
distortion_model: plumb_bob
distortion_coefficients: !!opencv-matrix
   rows: 1
   cols: 5
   dt: d
   data: [ -5.4921981799999998e-02, 1.4243657430000001e-01,
       7.5412299999999996e-05, -6.7560530000000001e-04,
       -8.5665408299999996e-02 ]
rectification_matrix: !!opencv-matrix
   rows: 3
   cols: 3
   dt: d
   data: [ 9.9998812489422739e-01, 2.4089155522231892e-03,
       -4.2364131513853301e-03, -2.4186483057924992e-03,
       9.9999444433315865e-01, -2.2937835970734117e-03,
       4.2308640843048539e-03, 2.3040027516418276e-03,
       9.9998839561287933e-01 ]
projection_matrix: !!opencv-matrix
   rows: 3
   cols: 4
   dt: d
   data: [ 7.7537235550066748e+02, 0., 6.1947309112548828e+02,
       -3.6841758740842312e+02, 0., 7.7537235550066748e+02,
       2.5718049049377441e+02, 0., 0., 0., 1., 0. ]
